101,08783
130,08783
207,08783
742,08783
1515,08783
1906,08783
2230,08783
2296,08783
3815,08783
3909,08783
3967,08783
4121,08783
4529,08783
4778,08783
4867,08783
4871,08783
5068,08783
5327,08783
5727,08783
5956,08783
6423,08783
6428,08783
6574,08783
6591,08783
6617,08783
6726,08783
6727,08783
6765,08783
6790,08783
7243,08783
8510,08783
9054,08783
9227,08783
9269,08783
9472,08783
9538,08783
9677,08783
9858,08783
10112,08783
10120,08783
10166,08783
10699,08783
10820,08783
11594,08783
11611,08783
11631,08783
11673,08783
11769,08783
12123,08783
12148,08783
12204,08783
12469,08783
12494,08783
12778,08783
12961,08783
12962,08783
13102,08783
13188,08783
13325,08783
13778,08783
14161,08783
14230,08783
14338,08783
14348,08783
14685,08783
14698,08783
15005,08783
15273,08783
15328,08783
15359,08783
15583,08783
15897,08783
15951,08783
16127,08783
16327,08783
16865,08783
17102,08783
17739,08783
17759,08783
17851,08783
17996,08783
18078,08783
18115,08783
18382,08783
18603,08783
18896,08783
18983,08783
19068,08783
19496,08783
19699,08783
19709,08783
19805,08783
20129,08783
20921,08783
20959,08783
21319,08783
21380,08783
21402,08783
21518,08783
21553,08783
21962,08783
22413,08783
22539,08783
22554,08783
22585,08783
22624,08783
22699,08783
22723,08783
23129,08783
23446,08783
23698,08783
24108,08783
24117,08783
24153,08783
24539,08783
24910,08783
25138,08783
25457,08783
25468,08783
26427,08783
26430,08783
26638,08783
26736,08783
26821,08783
26862,08783
27934,08783
27952,08783
28566,08783
28606,08783
28942,08783
29184,08783
29359,08783
29504,08783
30148,08783
30967,08783
31240,08783
31265,08783
31308,08783
33123,08783
33125,08783
33247,08783
33313,08783
33344,08783
33446,08783
33452,08783
33507,08783
33583,08783
34334,08783
34428,08783
34570,08783
34573,08783
35229,08783
35444,08783
36040,08783
36093,08783
36191,08783
36327,08783
36540,08783
36779,08783
36976,08783
37249,08783
37779,08783
37791,08783
39021,08783
39492,08783
39574,08783
39820,08783
40408,08783
40546,08783
40715,08783
41227,08783
41454,08783
41838,08783
42087,08783
42459,08783
42464,08783
42619,08783
43040,08783
43078,08783
43144,08783
43364,08783
43523,08783
45360,08783
45469,08783
45691,08783
45809,08783
45912,08783
46319,08783
46513,08783
46526,08783
46550,08783
46651,08783
46732,08783
46821,08783
46872,08783
47105,08783
47258,08783
47882,08783
47920,08783
48470,08783
