101,08783
130,08783
207,08783
742,08783
1515,08783
1906,08783
2230,08783
2296,08783
3815,08783
3909,08783
3967,08783
4121,08783
4529,08783
4778,08783
4867,08783
4871,08783
5068,08783
5327,08783
5727,08783
5956,08783
6423,08783
6428,08783
6574,08783
6591,08783
6617,08783
6726,08783
6727,08783
6765,08783
6790,08783
7243,08783
8510,08783
9054,08783
9227,08783
9269,08783
9472,08783
9538,08783
9677,08783
9858,08783
10112,08783
10120,08783
10166,08783
10699,08783
10820,08783
11594,08783
11611,08783
11631,08783
11673,08783
11769,08783
12123,08783
12148,08783
12204,08783
12469,08783
12494,08783
12778,08783
12961,08783
12962,08783
13102,08783
13188,08783
13325,08783
13778,08783
14161,08783
14230,08783
14338,08783
14348,08783
14685,08783
14698,08783
15005,08783
15273,08783
15328,08783
15359,08783
15583,08783
15897,08783
15951,08783
16127,08783
16327,08783
16865,08783
17102,08783
17739,08783
17759,08783
17851,08783
17996,08783
18078,08783
18115,08783
18382,08783
18603,08783
18896,08783
18983,08783
19068,08783
19496,08783
19699,08783
19709,08783
19805,08783
20129,08783
20921,08783
20959,08783
21319,08783
21380,08783
21402,08783
21518,08783
21553,08783
385,02991
424,02991
449,02991
517,02991
686,02991
716,02991
730,02991
887,02991
1195,02991
1199,02991
1210,02991
1276,02991
1586,02991
1718,02991
1734,02991
2001,02991
2060,02991
2121,02991
2259,02991
2324,02991
2453,02991
2566,02991
2577,02991
2579,02991
2643,02991
2655,02991
2744,02991
2802,02991
2948,02991
3047,02991
3105,02991
3193,02991
3219,02991
3316,02991
3470,02991
3692,02991
3788,02991
3879,02991
3984,02991
3997,02991
4003,02991
4028,02991
4029,02991
4102,02991
4111,02991
4255,02991
4541,02991
4915,02991
4940,02991
5225,02991
5266,02991
5544,02991
6041,02991
6082,02991
6261,02991
6376,02991
6713,02991
6733,02991
6744,02991
6811,02991
7023,02991
7217,02991
7254,02991
7311,02991
7367,02991
7370,02991
7389,02991
7914,02991
7980,02991
8080,02991
8122,02991
8184,02991
8358,02991
8459,02991
8479,02991
8497,02991
8502,02991
8543,02991
8750,02991
8762,02991
8849,02991
8961,02991
9087,02991
9136,02991
9188,02991
9336,02991
9434,02991
9514,02991
9604,02991
9686,02991
9745,02991
9846,02991
10008,02991
10144,02991
10159,02991
10249,02991
10292,02991
10374,02991
10625,02991
10688,02991
161,00789
195,00789
198,00789
222,00789
268,00789
296,00789
309,00789
321,00789
346,00789
434,00789
524,00789
562,00789
615,00789
626,00789
634,00789
647,00789
652,00789
671,00789
689,00789
760,00789
782,00789
785,00789
817,00789
950,00789
1090,00789
1121,00789
1123,00789
1125,00789
1135,00789
1216,00789
1293,00789
1339,00789
1476,00789
1571,00789
1603,00789
1626,00789
1724,00789
1730,00789
1814,00789
1823,00789
1915,00789
2002,00789
2005,00789
2094,00789
2144,00789
2171,00789
2215,00789
2298,00789
2389,00789
2481,00789
2521,00789
2531,00789
2606,00789
2664,00789
2687,00789
2773,00789
2792,00789
2837,00789
2996,00789
3034,00789
3057,00789
3084,00789
3097,00789
3129,00789
3167,00789
3171,00789
3212,00789
3225,00789
3227,00789
3334,00789
3394,00789
3447,00789
3452,00789
3458,00789
3514,00789
3551,00789
3560,00789
3690,00789
3708,00789
3725,00789
3875,00789
3931,00789
3937,00789
3956,00789
3994,00789
4014,00789
4079,00789
4272,00789
4281,00789
4446,00789
4524,00789
4525,00789
4542,00789
4578,00789
4591,00789
4622,00789
4651,00789
4710,00789
4716,00789
4719,00789
358,13881
530,13881
867,13881
1413,13881
1746,13881
1927,13881
2050,13881
2919,13881
3300,13881
4008,13881
4141,13881
5069,13881
5801,13881
5846,13881
6300,13881
6385,13881
6610,13881
6770,13881
7041,13881
7175,13881
7349,13881
7605,13881
7618,13881
7942,13881
7960,13881
8108,13881
8275,13881
9395,13881
9415,13881
10221,13881
10484,13881
10879,13881
11340,13881
11939,13881
12336,13881
12884,13881
12979,13881
13282,13881
13701,13881
14078,13881
14086,13881
14361,13881
14997,13881
15321,13881
15684,13881
15724,13881
16188,13881
16436,13881
17257,13881
17293,13881
17787,13881
17869,13881
18372,13881
18376,13881
18559,13881
19084,13881
19463,13881
19610,13881
20132,13881
21701,13881
21748,13881
21900,13881
22157,13881
22484,13881
22618,13881
22626,13881
22727,13881
22947,13881
22983,13881
23077,13881
23173,13881
23270,13881
23392,13881
23426,13881
23538,13881
23842,13881
24021,13881
24112,13881
24113,13881
24598,13881
24703,13881
24723,13881
24729,13881
25151,13881
25174,13881
25545,13881
25751,13881
26305,13881
26437,13881
26702,13881
26835,13881
26851,13881
27041,13881
27256,13881
27728,13881
28042,13881
28462,13881
29205,13881
29415,13881
29538,13881
227,06251
244,06251
340,06251
453,06251
485,06251
555,06251
570,06251
764,06251
1004,06251
1266,06251
1346,06251
1693,06251
1769,06251
1770,06251
1818,06251
2047,06251
2130,06251
2243,06251
2365,06251
2402,06251
2442,06251
2508,06251
2555,06251
2637,06251
2686,06251
2779,06251
2828,06251
3068,06251
3095,06251
3140,06251
3549,06251
3726,06251
4397,06251
4666,06251
4936,06251
4954,06251
5216,06251
5426,06251
5721,06251
6045,06251
6233,06251
6291,06251
6367,06251
6550,06251
6576,06251
6584,06251
6627,06251
6752,06251
6983,06251
7126,06251
7185,06251
7337,06251
7381,06251
7494,06251
7649,06251
7870,06251
7905,06251
8229,06251
8298,06251
8405,06251
8505,06251
8732,06251
8788,06251
8844,06251
9023,06251
9863,06251
9929,06251
10236,06251
10277,06251
10535,06251
10603,06251
10635,06251
10951,06251
10967,06251
11590,06251
11976,06251
12050,06251
12054,06251
12540,06251
12559,06251
12568,06251
12639,06251
12670,06251
12924,06251
12958,06251
13055,06251
13127,06251
13145,06251
13232,06251
13593,06251
13630,06251
13893,06251
14207,06251
14211,06251
14278,06251
14335,06251
14407,06251
14551,06251
14554,06251
14896,06251
1377,12754
8338,12754
12971,12754
15669,12754
18030,12754
20494,12754
20802,12754
21566,12754
23688,12754
25164,12754
26528,12754
28844,12754
30786,12754
31187,12754
35809,12754
36887,12754
37943,12754
38052,12754
39354,12754
40956,12754
44767,12754
45584,12754
46237,12754
46474,12754
47831,12754
49181,12754
49626,12754
50843,12754
51956,12754
53363,12754
54468,12754
54756,12754
55919,12754
56065,12754
58044,12754
58406,12754
59255,12754
61799,12754
62437,12754
63439,12754
64878,12754
66880,12754
67562,12754
68638,12754
69138,12754
70517,12754
71107,12754
72116,12754
73141,12754
75474,12754
76103,12754
76864,12754
77014,12754
77053,12754
80033,12754
81368,12754
84749,12754
86081,12754
87433,12754
87562,12754
88837,12754
91605,12754
92121,12754
93207,12754
3,02597
8,02597
19,02597
71,02597
117,02597
185,02597
211,02597
226,02597
238,02597
314,02597
327,02597
329,02597
379,02597
384,02597
418,02597
422,02597
439,02597
478,02597
488,02597
494,02597
496,02597
556,02597
571,02597
573,02597
579,02597
582,02597
597,02597
650,02597
660,02597
670,02597
677,02597
681,02597
691,02597
703,02597
712,02597
732,02597
733,02597
795,02597
825,02597
854,02597
897,02597
904,02597
958,02597
960,02597
961,02597
973,02597
1056,02597
1059,02597
1087,02597
1108,02597
1111,02597
1117,02597
1145,02597
1170,02597
1179,02597
1192,02597
1203,02597
1238,02597
1259,02597
1271,02597
1314,02597
1360,02597
1374,02597
1395,02597
1409,02597
1417,02597
1418,02597
1427,02597
1431,02597
1435,02597
1482,02597
1495,02597
1525,02597
1561,02597
1573,02597
1604,02597
1623,02597
1680,02597
1722,02597
1728,02597
1732,02597
1751,02597
1776,02597
1782,02597
1790,02597
1793,02597
1857,02597
1892,02597
1911,02597
1920,02597
1931,02597
1945,02597
1959,02597
1988,02597
2042,02597
2066,02597
2083,02597
2090,02597
2095,02597
2098,02597
371,14454
2030,14454
2797,14454
4496,14454
5332,14454
6006,14454
7877,14454
7962,14454
8174,14454
10608,14454
12384,14454
13670,14454
14097,14454
15255,14454
15603,14454
16245,14454
17214,14454
21854,14454
21857,14454
22210,14454
22848,14454
24788,14454
26741,14454
31795,14454
31900,14454
33970,14454
34040,14454
34273,14454
34674,14454
34876,14454
38964,14454
39804,14454
40500,14454
40580,14454
41057,14454
42042,14454
43763,14454
44963,14454
47997,14454
48667,14454
50039,14454
50179,14454
50418,14454
50453,14454
50736,14454
51666,14454
52046,14454
52308,14454
52625,14454
54502,14454
56440,14454
56678,14454
57677,14454
59475,14454
59713,14454
60214,14454
61653,14454
62692,14454
62857,14454
62951,14454
64069,14454
64441,14454
64631,14454
64685,14454
64700,14454
65028,14454
65158,14454
65957,14454
65997,14454
66050,14454
67295,14454
67431,14454
68349,14454
69856,14454
70284,14454
71098,14454
71322,14454
71756,14454
71883,14454
72404,14454
72669,14454
74598,14454
74993,14454
75242,14454
75294,14454
77172,14454
77356,14454
77508,14454
77703,14454
78125,14454
78560,14454
79200,14454
79258,14454
79317,14454
79677,14454
80428,14454
80867,14454
82003,14454
83104,14454
83378,14454
146,03671
665,03671
1161,03671
1256,03671
1426,03671
2021,03671
2734,03671
2911,03671
3903,03671
4772,03671
4869,03671
5045,03671
5256,03671
5594,03671
5812,03671
5848,03671
5863,03671
6290,03671
6449,03671
7080,03671
7553,03671
7806,03671
8576,03671
9135,03671
9567,03671
9704,03671
11194,03671
12908,03671
13112,03671
14681,03671
15086,03671
15886,03671
16300,03671
16451,03671
16906,03671
17036,03671
17452,03671
20196,03671
20316,03671
20591,03671
20613,03671
21919,03671
22420,03671
22565,03671
22866,03671
22934,03671
23143,03671
23360,03671
23421,03671
23717,03671
24025,03671
24961,03671
24962,03671
27474,03671
27936,03671
28188,03671
29063,03671
29604,03671
30927,03671
33814,03671
33973,03671
34310,03671
34347,03671
34423,03671
34618,03671
35095,03671
35443,03671
35653,03671
36309,03671
36451,03671
36510,03671
38125,03671
39120,03671
39615,03671
39835,03671
41334,03671
41396,03671
41625,03671
42256,03671
42449,03671
42503,03671
42509,03671
43029,03671
43111,03671
43190,03671
44531,03671
44693,03671
44862,03671
45060,03671
45919,03671
46421,03671
46504,03671
46569,03671
47737,03671
48752,03671
48917,03671
49224,03671
49245,03671
50355,03671
50642,03671
348,14560
399,14560
761,14560
1390,14560
1549,14560
1615,14560
1922,14560
2549,14560
2836,14560
3081,14560
3338,14560
3355,14560
3749,14560
3760,14560
3894,14560
3981,14560
4113,14560
4237,14560
4254,14560
4290,14560
4328,14560
4364,14560
4389,14560
4819,14560
4873,14560
4908,14560
5185,14560
5345,14560
5392,14560
5414,14560
5510,14560
5746,14560
6007,14560
6103,14560
6153,14560
6220,14560
7117,14560
7171,14560
7212,14560
7442,14560
7444,14560
7763,14560
7764,14560
7824,14560
7858,14560
7940,14560
8073,14560
8348,14560
8436,14560
8446,14560
8484,14560
8582,14560
8787,14560
8835,14560
9140,14560
9190,14560
9510,14560
9722,14560
9987,14560
10100,14560
10428,14560
11000,14560
11232,14560
11332,14560
11442,14560
11473,14560
11484,14560
11600,14560
11799,14560
12436,14560
12465,14560
12651,14560
12814,14560
13015,14560
13057,14560
13230,14560
13276,14560
13523,14560
13752,14560
13784,14560
14266,14560
14445,14560
14493,14560
14499,14560
14536,14560
14787,14560
14831,14560
15327,14560
15338,14560
16137,14560
16608,14560
16795,14560
17338,14560
17475,14560
17476,14560
17546,14560
17612,14560
17760,14560
17931,14560
18052,14560
278,11470
1045,11470
1477,11470
1532,11470
1757,11470
2813,11470
2829,11470
3827,11470
4283,11470
5194,11470
5299,11470
5370,11470
5374,11470
5466,11470
5575,11470
6055,11470
6060,11470
6169,11470
6206,11470
7423,11470
7632,11470
8067,11470
8409,11470
8708,11470
9251,11470
9575,11470
9701,11470
9982,11470
10183,11470
10271,11470
11101,11470
11432,11470
11580,11470
12065,11470
12567,11470
12812,11470
13391,11470
13531,11470
13584,11470
13590,11470
13823,11470
14521,11470
15776,11470
16028,11470
16498,11470
16836,11470
17103,11470
17490,11470
17911,11470
17967,11470
18034,11470
19646,11470
19657,11470
19678,11470
19777,11470
20917,11470
22230,11470
22239,11470
22351,11470
23018,11470
24076,11470
24217,11470
24426,11470
24659,11470
24921,11470
25879,11470
26375,11470
26709,11470
27043,11470
27151,11470
27179,11470
28265,11470
29587,11470
29849,11470
30063,11470
30445,11470
30688,11470
31281,11470
32130,11470
32509,11470
32571,11470
32715,11470
34033,11470
34068,11470
34081,11470
34193,11470
34427,11470
34710,11470
34907,11470
35088,11470
35363,11470
35656,11470
35945,11470
37487,11470
37961,11470
38229,11470
39318,11470
39662,11470
39698,11470
40249,11470
33,02196
438,02196
454,02196
667,02196
781,02196
826,02196
926,02196
1124,02196
1157,02196
1456,02196
1513,02196
1570,02196
1584,02196
1800,02196
1887,02196
1964,02196
1978,02196
2008,02196
2471,02196
2648,02196
2676,02196
2988,02196
3127,02196
3138,02196
3181,02196
3356,02196
3409,02196
3537,02196
3561,02196
3651,02196
4101,02196
4533,02196
4903,02196
5032,02196
5111,02196
5358,02196
5516,02196
5567,02196
5970,02196
5994,02196
6137,02196
6321,02196
6388,02196
6914,02196
7602,02196
7812,02196
7978,02196
8189,02196
8232,02196
8766,02196
8933,02196
9026,02196
9437,02196
9608,02196
9963,02196
10204,02196
10513,02196
10592,02196
10595,02196
10646,02196
10714,02196
10968,02196
11320,02196
11440,02196
11664,02196
12048,02196
12100,02196
12130,02196
12136,02196
12386,02196
12555,02196
13129,02196
13362,02196
13564,02196
14094,02196
14149,02196
14168,02196
14171,02196
14510,02196
14739,02196
14951,02196
15449,02196
15867,02196
15906,02196
15989,02196
16015,02196
16088,02196
16104,02196
16382,02196
16692,02196
16810,02196
17048,02196
17383,02196
17387,02196
17756,02196
17803,02196
17945,02196
18209,02196
18249,02196
18318,02196
13,14452
115,14452
482,14452
744,14452
928,14452
1071,14452
3083,14452
4134,14452
4264,14452
4500,14452
4538,14452
5092,14452
5121,14452
6429,14452
7012,14452
7323,14452
8442,14452
8553,14452
8747,14452
9100,14452
9300,14452
9357,14452
9457,14452
9709,14452
11317,14452
11979,14452
12269,14452
13440,14452
13766,14452
13900,14452
13951,14452
14079,14452
14962,14452
15302,14452
15451,14452
15540,14452
15851,14452
15979,14452
16338,14452
16553,14452
16572,14452
18362,14452
18665,14452
19265,14452
19620,14452
19889,14452
20025,14452
20071,14452
20235,14452
21432,14452
21478,14452
22705,14452
23139,14452
23724,14452
24099,14452
24395,14452
25214,14452
25932,14452
26062,14452
26609,14452
26952,14452
26973,14452
27093,14452
27141,14452
27468,14452
27568,14452
28866,14452
29837,14452
30416,14452
30821,14452
30926,14452
31151,14452
32421,14452
32904,14452
33437,14452
33666,14452
34007,14452
34198,14452
34217,14452
34228,14452
34235,14452
34746,14452
34825,14452
36812,14452
37448,14452
37970,14452
38220,14452
38898,14452
39414,14452
39571,14452
39816,14452
40053,14452
40584,14452
40701,14452
40928,14452
41489,14452
41501,14452
41686,14452
42747,14452
43341,14452
148,14478
297,14478
529,14478
591,14478
729,14478
749,14478
953,14478
1119,14478
1312,14478
1347,14478
1795,14478
1809,14478
1895,14478
2089,14478
2096,14478
2137,14478
2441,14478
2553,14478
2628,14478
2706,14478
2860,14478
2864,14478
3001,14478
3324,14478
3478,14478
3642,14478
3791,14478
3805,14478
3911,14478
4041,14478
4053,14478
4132,14478
4208,14478
4309,14478
4380,14478
4485,14478
4685,14478
4973,14478
5255,14478
5309,14478
5322,14478
5643,14478
5680,14478
5719,14478
5734,14478
5737,14478
5771,14478
5779,14478
5931,14478
6074,14478
6083,14478
6638,14478
6942,14478
7266,14478
7406,14478
7432,14478
7453,14478
7466,14478
7529,14478
7630,14478
7759,14478
7818,14478
7834,14478
8101,14478
8119,14478
8496,14478
8539,14478
8588,14478
8627,14478
8861,14478
8870,14478
8895,14478
9144,14478
9158,14478
9493,14478
9723,14478
9857,14478
9896,14478
9937,14478
9946,14478
10494,14478
10622,14478
10810,14478
11199,14478
11363,14478
11419,14478
11531,14478
11568,14478
11606,14478
11655,14478
11751,14478
11768,14478
11775,14478
11793,14478
11981,14478
12368,14478
12663,14478
12714,14478
12820,14478
12865,14478
31,06805
128,06805
497,06805
631,06805
968,06805
1194,06805
1388,06805
1449,06805
1708,06805
1737,06805
2079,06805
2102,06805
2119,06805
2312,06805
2367,06805
2415,06805
2477,06805
2580,06805
2597,06805
2717,06805
2815,06805
2865,06805
3148,06805
3430,06805
3448,06805
3494,06805
3567,06805
3837,06805
3985,06805
4066,06805
4088,06805
4100,06805
4170,06805
4184,06805
4261,06805
4385,06805
4406,06805
4572,06805
4579,06805
4723,06805
4758,06805
5041,06805
5085,06805
5337,06805
5546,06805
5640,06805
5731,06805
6307,06805
6440,06805
6817,06805
6844,06805
6864,06805
7470,06805
7566,06805
7594,06805
7657,06805
8001,06805
8021,06805
8144,06805
8264,06805
8385,06805
8397,06805
8403,06805
8485,06805
8620,06805
8739,06805
8761,06805
8812,06805
8876,06805
9049,06805
9214,06805
9373,06805
9375,06805
9488,06805
9657,06805
9728,06805
9732,06805
9768,06805
9814,06805
9901,06805
10119,06805
10169,06805
10186,06805
10610,06805
10745,06805
10796,06805
10933,06805
11035,06805
11669,06805
11736,06805
11890,06805
12132,06805
12331,06805
12456,06805
12487,06805
12518,06805
12547,06805
12552,06805
12594,06805
12607,06805
4,00794
48,00794
685,00794
1189,00794
1484,00794
1507,00794
1511,00794
1712,00794
1786,00794
1864,00794
1950,00794
2192,00794
2963,00794
3031,00794
3037,00794
3109,00794
3286,00794
3473,00794
3836,00794
3986,00794
4083,00794
4172,00794
4276,00794
4433,00794
4693,00794
4748,00794
4804,00794
5020,00794
5031,00794
5124,00794
5260,00794
5281,00794
5566,00794
5568,00794
5590,00794
6525,00794
6872,00794
6937,00794
7005,00794
7233,00794
7324,00794
7710,00794
8019,00794
8286,00794
8343,00794
8571,00794
8644,00794
8730,00794
8765,00794
8929,00794
9005,00794
9294,00794
9702,00794
9817,00794
10342,00794
10505,00794
10869,00794
11522,00794
11848,00794
12122,00794
12160,00794
12326,00794
12633,00794
13259,00794
13267,00794
13541,00794
13552,00794
13654,00794
13730,00794
14240,00794
14327,00794
14429,00794
14440,00794
15147,00794
15287,00794
15573,00794
15871,00794
16045,00794
16195,00794
17105,00794
17232,00794
17650,00794
17689,00794
17871,00794
18064,00794
18206,00794
18295,00794
18408,00794
18553,00794
18639,00794
18733,00794
18891,00794
18931,00794
19335,00794
19536,00794
19751,00794
20045,00794
20066,00794
20211,00794
20386,00794
715,14836
741,14836
933,14836
1558,14836
1606,14836
1657,14836
1791,14836
1962,14836
2384,14836
2739,14836
2949,14836
3043,14836
3190,14836
3234,14836
3332,14836
4209,14836
4703,14836
4947,14836
5251,14836
5357,14836
5443,14836
6046,14836
6066,14836
6084,14836
6730,14836
6956,14836
6978,14836
7001,14836
7132,14836
9759,14836
10210,14836
10803,14836
11221,14836
11689,14836
11921,14836
12501,14836
13250,14836
14755,14836
14879,14836
14964,14836
15154,14836
15555,14836
16187,14836
16727,14836
16827,14836
16995,14836
17564,14836
18025,14836
18167,14836
18325,14836
19839,14836
20310,14836
22012,14836
23264,14836
23524,14836
23839,14836
24362,14836
24806,14836
25009,14836
25270,14836
25410,14836
25564,14836
26285,14836
27252,14836
27466,14836
27737,14836
28036,14836
29460,14836
29801,14836
29978,14836
30742,14836
32228,14836
32237,14836
33550,14836
33934,14836
34096,14836
34389,14836
35487,14836
35694,14836
37166,14836
37181,14836
37425,14836
38723,14836
38810,14836
39091,14836
39742,14836
39866,14836
40884,14836
41508,14836
41736,14836
42139,14836
42772,14836
43497,14836
44027,14836
44279,14836
44870,14836
46915,14836
46971,14836
48220,14836
48365,14836
127,08817
255,08817
273,08817
285,08817
360,08817
540,08817
624,08817
762,08817
831,08817
1300,08817
1587,08817
1598,08817
2086,08817
2529,08817
2662,08817
2830,08817
2832,08817
2878,08817
2977,08817
3071,08817
3232,08817
3352,08817
3377,08817
3529,08817
4195,08817
4423,08817
4657,08817
4747,08817
4838,08817
5181,08817
5501,08817
5555,08817
5559,08817
5626,08817
5981,08817
6396,08817
6468,08817
6479,08817
6664,08817
6678,08817
6690,08817
6702,08817
6747,08817
6940,08817
6971,08817
6995,08817
7046,08817
7108,08817
7299,08817
7520,08817
7565,08817
7737,08817
7753,08817
7856,08817
8141,08817
8161,08817
8327,08817
8487,08817
8667,08817
8939,08817
8942,08817
9369,08817
9865,08817
10087,08817
10773,08817
10882,08817
11065,08817
11116,08817
11246,08817
11327,08817
11416,08817
11811,08817
11815,08817
11951,08817
11952,08817
12292,08817
12515,08817
13184,08817
13265,08817
13481,08817
13563,08817
13571,08817
13707,08817
13843,08817
13866,08817
13867,08817
13902,08817
14116,08817
14217,08817
14485,08817
14494,08817
14496,08817
14918,08817
14993,08817
15339,08817
15380,08817
15434,08817
15485,08817
15557,08817
15569,08817
6,00240
7,00240
14,00240
17,00240
23,00240
29,00240
37,00240
41,00240
42,00240
64,00240
85,00240
88,00240
92,00240
94,00240
97,00240
99,00240
118,00240
140,00240
141,00240
149,00240
156,00240
169,00240
202,00240
223,00240
233,00240
248,00240
251,00240
256,00240
271,00240
287,00240
304,00240
305,00240
322,00240
325,00240
347,00240
357,00240
366,00240
383,00240
386,00240
388,00240
400,00240
416,00240
442,00240
457,00240
462,00240
468,00240
479,00240
513,00240
520,00240
534,00240
604,00240
620,00240
651,00240
664,00240
697,00240
710,00240
736,00240
747,00240
767,00240
770,00240
775,00240
784,00240
807,00240
822,00240
921,00240
940,00240
952,00240
980,00240
983,00240
991,00240
995,00240
997,00240
1000,00240
1027,00240
1037,00240
1038,00240
1039,00240
1072,00240
1095,00240
1097,00240
1140,00240
1143,00240
1148,00240
1152,00240
1155,00240
1167,00240
1172,00240
1187,00240
1208,00240
1236,00240
1239,00240
1243,00240
1250,00240
1261,00240
1272,00240
1277,00240
1287,00240
1290,00240
1298,00240
1308,00240
11,00788
16,00788
22,00788
109,00788
119,00788
180,00788
183,00788
186,00788
229,00788
264,00788
286,00788
293,00788
318,00788
361,00788
397,00788
404,00788
427,00788
492,00788
508,00788
512,00788
553,00788
649,00788
740,00788
746,00788
756,00788
773,00788
791,00788
877,00788
889,00788
905,00788
915,00788
916,00788
970,00788
1005,00788
1051,00788
1069,00788
1086,00788
1118,00788
1174,00788
1188,00788
1206,00788
1235,00788
1237,00788
1267,00788
1341,00788
1343,00788
1361,00788
1412,00788
1464,00788
1488,00788
1567,00788
1635,00788
1759,00788
1784,00788
1787,00788
1799,00788
1812,00788
1905,00788
1942,00788
1943,00788
1956,00788
2012,00788
2016,00788
2033,00788
2045,00788
2067,00788
2109,00788
2182,00788
2245,00788
2290,00788
2293,00788
2363,00788
2413,00788
2426,00788
2486,00788
2500,00788
2624,00788
2629,00788
2695,00788
2709,00788
2768,00788
2793,00788
2833,00788
2856,00788
2880,00788
2905,00788
2926,00788
2940,00788
3030,00788
3066,00788
3175,00788
3384,00788
3451,00788
3467,00788
3493,00788
3510,00788
3519,00788
3526,00788
3580,00788
3584,00788
765,13019
1478,13019
1662,13019
2032,13019
2172,13019
2237,13019
2727,13019
3953,13019
4539,13019
4755,13019
5984,13019
5988,13019
6518,13019
6534,13019
7585,13019
7807,13019
8725,13019
8833,13019
10170,13019
11511,13019
11967,13019
12735,13019
14089,13019
14515,13019
15056,13019
15483,13019
15922,13019
16453,13019
16504,13019
16586,13019
17199,13019
17904,13019
18101,13019
18327,13019
20789,13019
21414,13019
22522,13019
22864,13019
22928,13019
23051,13019
23347,13019
23831,13019
23947,13019
24405,13019
24535,13019
24780,13019
25492,13019
26003,13019
26593,13019
27192,13019
27546,13019
28302,13019
28728,13019
28946,13019
29770,13019
30207,13019
30918,13019
31708,13019
31964,13019
32750,13019
32772,13019
32796,13019
33114,13019
33518,13019
34507,13019
34554,13019
35015,13019
35186,13019
36013,13019
36421,13019
36774,13019
37039,13019
37040,13019
39236,13019
39316,13019
39345,13019
39372,13019
39508,13019
40064,13019
40144,13019
40540,13019
41372,13019
43349,13019
43732,13019
43762,13019
44004,13019
44817,13019
44845,13019
46005,13019
46440,13019
46836,13019
47987,13019
48115,13019
48712,13019
48909,13019
49156,13019
49837,13019
50569,13019
50616,13019
51714,13019
111,00564
200,00564
208,00564
236,00564
425,00564
452,00564
535,00564
586,00564
587,00564
619,00564
635,00564
672,00564
701,00564
809,00564
810,00564
823,00564
847,00564
855,00564
934,00564
967,00564
988,00564
998,00564
1002,00564
1080,00564
1099,00564
1131,00564
1151,00564
1159,00564
1255,00564
1275,00564
1327,00564
1380,00564
1597,00564
1656,00564
1660,00564
1690,00564
1753,00564
1754,00564
1789,00564
1801,00564
1833,00564
1834,00564
1874,00564
1889,00564
1946,00564
1969,00564
2003,00564
2062,00564
2155,00564
2162,00564
2188,00564
2225,00564
2262,00564
2267,00564
2336,00564
2427,00564
2487,00564
2495,00564
2496,00564
2514,00564
2587,00564
2600,00564
2610,00564
2640,00564
2645,00564
2653,00564
2679,00564
2689,00564
2738,00564
2750,00564
2782,00564
2809,00564
2820,00564
2899,00564
2901,00564
2920,00564
2932,00564
2980,00564
3004,00564
3089,00564
3114,00564
3128,00564
3177,00564
3189,00564
3201,00564
3235,00564
3258,00564
3259,00564
3339,00564
3363,00564
3426,00564
3468,00564
3472,00564
3505,00564
3541,00564
3546,00564
3715,00564
3744,00564
3755,00564
3766,00564
2350,10302
2497,10302
2551,10302
3151,10302
3185,10302
3390,10302
3484,10302
4644,10302
5308,10302
7007,10302
7823,10302
8162,10302
8572,10302
9448,10302
9452,10302
11421,10302
11456,10302
13713,10302
14243,10302
14369,10302
15487,10302
15898,10302
16378,10302
17682,10302
19097,10302
19782,10302
19929,10302
20133,10302
20217,10302
21022,10302
21563,10302
21690,10302
21730,10302
22409,10302
23267,10302
24368,10302
24937,10302
25100,10302
25168,10302
25348,10302
25550,10302
26310,10302
27630,10302
28323,10302
28465,10302
28483,10302
29935,10302
30795,10302
31645,10302
31843,10302
31859,10302
31908,10302
32198,10302
32390,10302
32508,10302
32778,10302
33258,10302
34705,10302
34717,10302
35995,10302
36236,10302
36237,10302
36341,10302
36660,10302
36941,10302
37467,10302
38893,10302
38899,10302
39590,10302
39782,10302
40375,10302
41098,10302
41369,10302
41851,10302
42034,10302
42189,10302
42552,10302
42782,10302
43211,10302
43233,10302
43640,10302
44217,10302
44487,10302
45347,10302
45744,10302
46427,10302
48379,10302
48476,10302
48627,10302
48735,10302
48854,10302
48921,10302
49304,10302
49324,10302
49665,10302
49933,10302
51376,10302
51683,10302
52918,10302
52975,10302
370,02017
590,02017
625,02017
1096,02017
1100,02017
1352,02017
1717,02017
1761,02017
1888,02017
1932,02017
2035,02017
2145,02017
2148,02017
2847,02017
3015,02017
3298,02017
3462,02017
4482,02017
5139,02017
5479,02017
5689,02017
5795,02017
5823,02017
5879,02017
6027,02017
6819,02017
7240,02017
7731,02017
8194,02017
8503,02017
8686,02017
9171,02017
9541,02017
9630,02017
9784,02017
10046,02017
10188,02017
10464,02017
10730,02017
10838,02017
11698,02017
11837,02017
11970,02017
12056,02017
12329,02017
12475,02017
12481,02017
12806,02017
13510,02017
13709,02017
13734,02017
13934,02017
14115,02017
14253,02017
14362,02017
14745,02017
14957,02017
15110,02017
15536,02017
15828,02017
15865,02017
16059,02017
16193,02017
16259,02017
16971,02017
17038,02017
17307,02017
17418,02017
17513,02017
17647,02017
17729,02017
17773,02017
17820,02017
17862,02017
17961,02017
18120,02017
18169,02017
18670,02017
18731,02017
18759,02017
19292,02017
19485,02017
19853,02017
21356,02017
21709,02017
22396,02017
23404,02017
23503,02017
23550,02017
23816,02017
24080,02017
24116,02017
24444,02017
24740,02017
25401,02017
25527,02017
25557,02017
25628,02017
25691,02017
26442,02017
18,06071
30,06071
44,06071
56,06071
95,06071
153,06071
176,06071
258,06071
299,06071
307,06071
337,06071
367,06071
408,06071
433,06071
467,06071
473,06071
480,06071
490,06071
514,06071
519,06071
533,06071
549,06071
607,06071
612,06071
655,06071
687,06071
694,06071
695,06071
757,06071
758,06071
780,06071
792,06071
832,06071
848,06071
879,06071
917,06071
947,06071
977,06071
989,06071
1127,06071
1142,06071
1144,06071
1149,06071
1153,06071
1166,06071
1211,06071
1222,06071
1260,06071
1288,06071
1304,06071
1307,06071
1319,06071
1407,06071
1460,06071
1474,06071
1489,06071
1559,06071
1568,06071
1602,06071
1605,06071
1624,06071
1650,06071
1651,06071
1675,06071
1710,06071
1752,06071
1756,06071
1771,06071
1796,06071
1825,06071
1830,06071
1847,06071
1851,06071
1871,06071
1879,06071
1958,06071
1961,06071
1973,06071
1977,06071
2014,06071
2029,06071
2056,06071
2072,06071
2118,06071
2122,06071
2128,06071
2141,06071
2223,06071
2269,06071
2370,06071
2446,06071
2458,06071
2468,06071
2493,06071
2506,06071
2593,06071
2595,06071
2596,06071
2607,06071
2660,06071
24,02824
40,02824
65,02824
66,02824
70,02824
74,02824
76,02824
77,02824
91,02824
103,02824
106,02824
108,02824
110,02824
116,02824
132,02824
138,02824
160,02824
162,02824
168,02824
178,02824
184,02824
193,02824
231,02824
246,02824
252,02824
260,02824
261,02824
283,02824
290,02824
306,02824
331,02824
350,02824
351,02824
364,02824
368,02824
410,02824
419,02824
429,02824
440,02824
495,02824
499,02824
500,02824
505,02824
506,02824
507,02824
518,02824
532,02824
538,02824
539,02824
543,02824
545,02824
563,02824
566,02824
577,02824
588,02824
592,02824
609,02824
616,02824
618,02824
642,02824
645,02824
648,02824
657,02824
659,02824
674,02824
692,02824
699,02824
776,02824
779,02824
800,02824
803,02824
808,02824
816,02824
818,02824
821,02824
828,02824
835,02824
857,02824
875,02824
883,02824
894,02824
918,02824
927,02824
931,02824
932,02824
948,02824
969,02824
981,02824
985,02824
999,02824
1017,02824
1025,02824
1040,02824
1054,02824
1074,02824
1084,02824
1088,02824
1092,02824
1104,02824
1107,02824
62,14847
292,14847
662,14847
930,14847
1301,14847
1534,14847
2006,14847
2349,14847
2896,14847
3680,14847
5154,14847
5753,14847
5877,14847
6475,14847
7244,14847
7686,14847
8684,14847
9210,14847
12264,14847
13027,14847
13239,14847
13385,14847
13395,14847
13691,14847
14074,14847
14994,14847
15521,14847
16483,14847
16651,14847
17295,14847
17399,14847
18201,14847
18764,14847
18856,14847
20005,14847
20113,14847
21697,14847
21716,14847
21731,14847
21790,14847
22458,14847
22840,14847
23462,14847
23646,14847
23889,14847
23893,14847
24097,14847
26639,14847
26999,14847
27299,14847
27471,14847
27665,14847
28911,14847
29229,14847
29312,14847
30283,14847
30482,14847
30738,14847
31279,14847
31401,14847
31407,14847
31639,14847
33923,14847
33956,14847
34994,14847
36034,14847
36430,14847
36939,14847
37135,14847
38233,14847
39339,14847
39984,14847
40963,14847
40969,14847
41458,14847
41729,14847
43664,14847
44908,14847
44983,14847
47557,14847
47607,14847
49390,14847
51007,14847
51510,14847
51781,14847
51807,14847
51995,14847
52325,14847
53451,14847
53704,14847
54079,14847
54272,14847
54569,14847
54732,14847
54847,14847
54855,14847
54953,14847
55828,14847
56382,14847
56553,14847
302,09138
420,09138
862,09138
1016,09138
1048,09138
1106,09138
1705,09138
1930,09138
2990,09138
3428,09138
3559,09138
3701,09138
3779,09138
4386,09138
4552,09138
4882,09138
4943,09138
5021,09138
5361,09138
5569,09138
5756,09138
5961,09138
6050,09138
7123,09138
7403,09138
7573,09138
7581,09138
7650,09138
8087,09138
8125,09138
8971,09138
9545,09138
9572,09138
9602,09138
10257,09138
10388,09138
10824,09138
11123,09138
11182,09138
11293,09138
11499,09138
11833,09138
11935,09138
12086,09138
12145,09138
12216,09138
12262,09138
13111,09138
13202,09138
13424,09138
13527,09138
13971,09138
14473,09138
14700,09138
14734,09138
14942,09138
15006,09138
15358,09138
15602,09138
15641,09138
16857,09138
16957,09138
17071,09138
17337,09138
17552,09138
17626,09138
17695,09138
18445,09138
18633,09138
19073,09138
19093,09138
19276,09138
19429,09138
19499,09138
19626,09138
19726,09138
19863,09138
20413,09138
20460,09138
20556,09138
20632,09138
20781,09138
21072,09138
21565,09138
22005,09138
22276,09138
22400,09138
22771,09138
22966,09138
23299,09138
23442,09138
23714,09138
24115,09138
24155,09138
24255,09138
24584,09138
24689,09138
24791,09138
25189,09138
25377,09138
2,07715
5,07715
9,07715
10,07715
15,07715
21,07715
25,07715
26,07715
27,07715
28,07715
34,07715
36,07715
38,07715
43,07715
47,07715
49,07715
51,07715
52,07715
53,07715
54,07715
55,07715
58,07715
59,07715
61,07715
67,07715
68,07715
72,07715
73,07715
75,07715
78,07715
83,07715
84,07715
86,07715
89,07715
93,07715
96,07715
98,07715
100,07715
104,07715
105,07715
107,07715
114,07715
120,07715
121,07715
122,07715
123,07715
125,07715
126,07715
129,07715
131,07715
134,07715
135,07715
136,07715
137,07715
139,07715
142,07715
143,07715
145,07715
147,07715
152,07715
155,07715
158,07715
159,07715
163,07715
165,07715
166,07715
167,07715
171,07715
175,07715
177,07715
181,07715
182,07715
187,07715
189,07715
191,07715
192,07715
194,07715
196,07715
199,07715
201,07715
203,07715
204,07715
206,07715
209,07715
210,07715
212,07715
213,07715
214,07715
215,07715
216,07715
217,07715
219,07715
220,07715
221,07715
224,07715
234,07715
237,07715
240,07715
241,07715
247,07715
771,06234
954,06234
1091,06234
3501,06234
4288,06234
6902,06234
8329,06234
17159,06234
17753,06234
20108,06234
27291,06234
31221,06234
31762,06234
33269,06234
36583,06234
36692,06234
38212,06234
40041,06234
40744,06234
41619,06234
42314,06234
42832,06234
42971,06234
43322,06234
44035,06234
45278,06234
46856,06234
50486,06234
52451,06234
53487,06234
57279,06234
57393,06234
57600,06234
59541,06234
65413,06234
70278,06234
74595,06234
75121,06234
75231,06234
76513,06234
76946,06234
77341,06234
78834,06234
80005,06234
80654,06234
84516,06234
93371,06234
79,04110
315,04110
550,04110
654,04110
1280,04110
1454,04110
1641,04110
1672,04110
2233,04110
2381,04110
2947,04110
4235,04110
4727,04110
4931,04110
5046,04110
5606,04110
5845,04110
6474,04110
6906,04110
6994,04110
7004,04110
7144,04110
7373,04110
7540,04110
7619,04110
7797,04110
8066,04110
8882,04110
9127,04110
9263,04110
9265,04110
9280,04110
9753,04110
9882,04110
10001,04110
10442,04110
10463,04110
10580,04110
10731,04110
11575,04110
11641,04110
11763,04110
11988,04110
12079,04110
12205,04110
12263,04110
12533,04110
12867,04110
12921,04110
12977,04110
13108,04110
13365,04110
13535,04110
13830,04110
13957,04110
14192,04110
14349,04110
14506,04110
14545,04110
14934,04110
14979,04110
15155,04110
15211,04110
15730,04110
16128,04110
16422,04110
16490,04110
16609,04110
16714,04110
16997,04110
17191,04110
17929,04110
18102,04110
18238,04110
18502,04110
18562,04110
19569,04110
20022,04110
20269,04110
20437,04110
20623,04110
20779,04110
20885,04110
21574,04110
23306,04110
23620,04110
23931,04110
24032,04110
24033,04110
24260,04110
24406,04110
24785,04110
24794,04110
25240,04110
25669,04110
25709,04110
25720,04110
26303,04110
26831,04110
26978,04110
396,14451
700,14451
946,14451
1620,14451
1664,14451
3078,14451
3673,14451
3818,14451
5108,14451
5383,14451
5402,14451
5536,14451
5612,14451
5831,14451
6559,14451
7845,14451
7919,14451
9247,14451
9997,14451
10058,14451
10206,14451
10352,14451
10358,14451
10832,14451
11054,14451
11844,14451
12551,14451
13073,14451
13756,14451
14198,14451
14632,14451
14851,14451
15022,14451
15538,14451
15663,14451
15665,14451
15840,14451
15952,14451
16009,14451
16667,14451
16669,14451
17720,14451
17770,14451
17980,14451
18248,14451
19747,14451
21152,14451
22720,14451
23027,14451
23294,14451
24045,14451
24046,14451
24177,14451
24252,14451
24268,14451
24279,14451
24771,14451
24964,14451
25378,14451
27440,14451
28454,14451
28576,14451
28708,14451
28797,14451
28973,14451
29029,14451
29033,14451
29188,14451
29640,14451
29812,14451
30404,14451
30536,14451
30610,14451
30693,14451
30854,14451
31576,14451
31997,14451
33242,14451
33532,14451
34269,14451
34523,14451
34752,14451
34943,14451
35288,14451
36249,14451
36469,14451
36593,14451
36884,14451
37143,14451
37380,14451
37643,14451
37687,14451
38071,14451
38208,14451
38234,14451
40717,14451
40897,14451
41343,14451
41556,14451
41981,14451
50,09379
60,09379
81,09379
87,09379
154,09379
157,09379
179,09379
188,09379
228,09379
243,09379
274,09379
443,09379
475,09379
502,09379
544,09379
552,09379
564,09379
603,09379
638,09379
643,09379
718,09379
728,09379
752,09379
759,09379
794,09379
813,09379
819,09379
834,09379
852,09379
858,09379
908,09379
936,09379
956,09379
959,09379
975,09379
1024,09379
1077,09379
1103,09379
1110,09379
1191,09379
1197,09379
1204,09379
1214,09379
1282,09379
1326,09379
1340,09379
1349,09379
1430,09379
1439,09379
1510,09379
1523,09379
1619,09379
1621,09379
1679,09379
1681,09379
1704,09379
1723,09379
1742,09379
1775,09379
1866,09379
1910,09379
1934,09379
1935,09379
1992,09379
1993,09379
2007,09379
2017,09379
2028,09379
2052,09379
2093,09379
2142,09379
2154,09379
2159,09379
2212,09379
2219,09379
2250,09379
2286,09379
2337,09379
2386,09379
2425,09379
2550,09379
2557,09379
2667,09379
2703,09379
2723,09379
2808,09379
2822,09379
2866,09379
2989,09379
3184,09379
3187,09379
3253,09379
3362,09379
3412,09379
3517,09379
3557,09379
3558,09379
3572,09379
3583,09379
3587,09379
965,14453
1687,14453
1725,14453
2174,14453
2928,14453
3901,14453
4266,14453
5811,14453
6608,14453
7252,14453
9189,14453
9669,14453
10474,14453
11424,14453
12509,14453
13231,14453
13455,14453
15697,14453
16287,14453
17917,14453
19231,14453
21119,14453
21723,14453
21937,14453
22556,14453
24284,14453
25565,14453
28531,14453
28549,14453
33626,14453
37681,14453
39664,14453
40383,14453
40559,14453
41737,14453
44567,14453
46897,14453
47654,14453
48117,14453
48583,14453
48714,14453
49633,14453
49679,14453
50916,14453
53582,14453
53800,14453
55216,14453
55239,14453
55650,14453
57562,14453
58138,14453
59799,14453
59971,14453
61307,14453
61425,14453
62956,14453
64360,14453
67104,14453
67165,14453
67910,14453
68672,14453
70011,14453
71185,14453
71223,14453
71909,14453
73528,14453
75098,14453
76792,14453
77608,14453
78514,14453
78613,14453
80458,14453
81217,14453
83187,14453
83457,14453
83666,14453
83675,14453
84709,14453
85486,14453
85620,14453
85967,14453
87507,14453
87651,14453
87850,14453
87991,14453
88785,14453
89594,14453
90397,14453
91370,14453
93192,14453
12,11973
218,11973
232,11973
414,11973
458,11973
574,11973
1028,11973
1136,11973
1244,11973
1437,11973
1485,11973
1527,11973
1581,11973
1700,11973
1702,11973
1745,11973
1810,11973
1989,11973
2015,11973
2024,11973
2051,11973
2236,11973
2307,11973
2343,11973
2511,11973
2574,11973
2725,11973
2745,11973
2769,11973
3168,11973
3170,11973
3256,11973
3360,11973
3495,11973
3552,11973
3763,11973
3829,11973
3943,11973
4204,11973
4377,11973
4408,11973
4877,11973
5122,11973
5476,11973
5564,11973
5599,11973
5754,11973
5873,11973
5996,11973
6151,11973
6190,11973
6585,11973
6715,11973
6838,11973
6982,11973
7067,11973
7280,11973
7317,11973
7431,11973
7683,11973
7888,11973
8009,11973
8026,11973
8030,11973
8166,11973
8363,11973
8507,11973
8825,11973
8862,11973
9268,11973
9275,11973
9402,11973
9842,11973
9939,11973
10070,11973
10272,11973
10367,11973
10452,11973
10542,11973
10588,11973
10711,11973
10719,11973
10971,11973
11049,11973
11096,11973
11170,11973
11248,11973
11264,11973
11637,11973
11725,11973
11740,11973
11929,11973
11936,11973
12042,11973
12053,11973
12166,11973
12358,11973
12468,11973
12654,11973
12682,11973
45,07023
90,07023
398,07023
755,07023
1076,07023
1158,07023
1420,07023
1738,07023
1743,07023
1843,07023
1994,07023
2518,07023
2785,07023
3023,07023
3581,07023
4375,07023
4458,07023
4480,07023
4730,07023
4834,07023
5090,07023
5186,07023
5236,07023
5352,07023
5489,07023
6359,07023
6460,07023
6524,07023
6635,07023
7142,07023
7427,07023
7690,07023
7853,07023
8164,07023
8282,07023
8364,07023
9078,07023
10396,07023
10462,07023
10887,07023
10980,07023
11012,07023
11084,07023
11180,07023
11294,07023
11431,07023
11787,07023
11856,07023
12076,07023
12105,07023
12164,07023
12731,07023
12747,07023
13001,07023
13427,07023
13482,07023
13617,07023
13660,07023
13865,07023
14286,07023
14488,07023
14944,07023
15000,07023
15168,07023
15193,07023
15746,07023
16366,07023
16415,07023
16473,07023
16526,07023
17141,07023
17205,07023
17234,07023
17436,07023
17577,07023
18925,07023
18958,07023
19104,07023
19177,07023
19179,07023
19181,07023
19612,07023
19760,07023
19963,07023
20234,07023
20328,07023
20919,07023
20961,07023
21032,07023
21116,07023
21157,07023
21272,07023
22407,07023
22530,07023
23066,07023
23084,07023
23479,07023
23709,07023
23829,07023
23935,07023
102,11976
124,11976
300,11976
352,11976
353,11976
359,11976
365,11976
465,11976
503,11976
632,11976
656,11976
722,11976
951,11976
1008,11976
1047,11976
1105,11976
1303,11976
1320,11976
1323,11976
1331,11976
1358,11976
1402,11976
1455,11976
1461,11976
1471,11976
1497,11976
1741,11976
1835,11976
1849,11976
2180,11976
2183,11976
2199,11976
2207,11976
2251,11976
2260,11976
2272,11976
2309,11976
2320,11976
2387,11976
2398,11976
2569,11976
2627,11976
2821,11976
2885,11976
2924,11976
2945,11976
2958,11976
3164,11976
3182,11976
3293,11976
3313,11976
3328,11976
3349,11976
3585,11976
3588,11976
3636,11976
3657,11976
3669,11976
3721,11976
3752,11976
4044,11976
4046,11976
4052,11976
4260,11976
4278,11976
4424,11976
4702,11976
4704,11976
4820,11976
4897,11976
4932,11976
4995,11976
5017,11976
5094,11976
5223,11976
5257,11976
5369,11976
5655,11976
5687,11976
5896,11976
5955,11976
6133,11976
6245,11976
6305,11976
6325,11976
6573,11976
6582,11976
6655,11976
6657,11976
6760,11976
6905,11976
7116,11976
7407,11976
7482,11976
7484,11976
7559,11976
7562,11976
7597,11976
7609,11976
7656,11976
319,11543
1472,11543
1553,11543
1706,11543
1970,11543
2346,11543
2391,11543
3113,11543
3790,11543
4412,11543
5083,11543
5353,11543
5382,11543
5709,11543
6456,11543
6788,11543
6850,11543
6897,11543
6935,11543
7082,11543
7119,11543
7198,11543
7321,11543
7487,11543
7916,11543
8500,11543
8843,11543
10609,11543
11010,11543
11990,11543
12623,11543
13578,11543
13677,11543
13681,11543
15182,11543
15349,11543
15467,11543
15685,11543
15924,11543
15938,11543
16057,11543
16237,11543
16850,11543
17323,11543
17925,11543
17965,11543
17975,11543
19322,11543
20806,11543
21005,11543
21626,11543
22357,11543
22669,11543
22715,11543
23170,11543
23314,11543
23567,11543
23577,11543
23785,11543
23883,11543
24966,11543
25283,11543
25980,11543
26561,11543
26756,11543
26949,11543
27049,11543
28163,11543
28353,11543
28897,11543
29745,11543
29974,11543
29982,11543
30356,11543
30816,11543
31146,11543
31633,11543
31842,11543
34221,11543
36200,11543
36260,11543
37196,11543
37666,11543
38116,11543
38421,11543
38841,11543
40388,11543
41281,11543
41342,11543
42133,11543
43149,11543
43427,11543
43908,11543
44019,11543
44302,11543
45133,11543
45217,11543
45256,11543
45508,11543
46344,11543
1,10531
20,10531
32,10531
39,10531
57,10531
63,10531
69,10531
82,10531
112,10531
113,10531
133,10531
144,10531
150,10531
151,10531
164,10531
170,10531
172,10531
173,10531
174,10531
190,10531
197,10531
205,10531
225,10531
230,10531
235,10531
239,10531
242,10531
245,10531
267,10531
281,10531
282,10531
291,10531
311,10531
312,10531
316,10531
328,10531
332,10531
333,10531
336,10531
343,10531
373,10531
380,10531
387,10531
390,10531
391,10531
421,10531
426,10531
444,10531
450,10531
459,10531
484,10531
504,10531
515,10531
521,10531
541,10531
557,10531
568,10531
572,10531
575,10531
585,10531
595,10531
601,10531
611,10531
644,10531
646,10531
653,10531
661,10531
668,10531
669,10531
676,10531
682,10531
684,10531
706,10531
725,10531
731,10531
777,10531
786,10531
796,10531
798,10531
829,10531
839,10531
846,10531
866,10531
871,10531
874,10531
880,10531
886,10531
893,10531
895,10531
910,10531
976,10531
1006,10531
1018,10531
1020,10531
1023,10531
1044,10531
1049,10531
1053,10531
1055,10531
1058,10531
46,09469
1011,09469
1373,09469
2110,09469
2895,09469
3044,09469
3290,09469
5828,09469
6614,09469
8074,09469
9416,09469
9481,09469
9482,09469
9599,09469
9740,09469
10554,09469
11654,09469
13117,09469
17246,09469
17472,09469
18398,09469
20142,09469
20191,09469
20295,09469
21021,09469
21098,09469
21963,09469
22082,09469
22178,09469
22309,09469
23046,09469
23896,09469
24211,09469
24351,09469
24978,09469
25176,09469
25364,09469
25428,09469
26006,09469
27122,09469
27923,09469
28413,09469
28805,09469
30911,09469
33963,09469
34254,09469
34723,09469
35217,09469
35767,09469
36259,09469
36342,09469
36734,09469
36851,09469
37805,09469
38402,09469
41773,09469
44511,09469
45480,09469
45962,09469
46408,09469
47322,09469
47613,09469
49571,09469
49745,09469
50110,09469
50156,09469
54693,09469
55789,09469
57577,09469
57747,09469
58349,09469
61216,09469
61388,09469
62344,09469
62551,09469
63607,09469
65555,09469
65767,09469
67836,09469
68385,09469
69530,09469
70240,09469
70816,09469
72075,09469
72527,09469
73033,09469
73925,09469
74429,09469
76002,09469
78000,09469
78019,09469
79503,09469
80529,09469
81175,09469
81192,09469
81408,09469
81524,09469
85951,09469
87635,09469
89143,09469
35,03658
80,03658
257,03658
272,03658
402,03658
491,03658
583,03658
1042,03658
1063,03658
1079,03658
1201,03658
1415,03658
1588,03658
1963,03658
1971,03658
2036,03658
2117,03658
2151,03658
2241,03658
2371,03658
2461,03658
2604,03658
2898,03658
2917,03658
2992,03658
3279,03658
3358,03658
3443,03658
3844,03658
3860,03658
3899,03658
4049,03658
4123,03658
4149,03658
4164,03658
4381,03658
4467,03658
4481,03658
4543,03658
4798,03658
4856,03658
4958,03658
4986,03658
4997,03658
5197,03658
5320,03658
5324,03658
5486,03658
5500,03658
5507,03658
5708,03658
6053,03658
6071,03658
6171,03658
6195,03658
6244,03658
6331,03658
6692,03658
6846,03658
7098,03658
7193,03658
7256,03658
7297,03658
7300,03658
7492,03658
7507,03658
7760,03658
7785,03658
7817,03658
7959,03658
7984,03658
8330,03658
8583,03658
8759,03658
8923,03658
9105,03658
9126,03658
9156,03658
9278,03658
9290,03658
9364,03658
9367,03658
9376,03658
9544,03658
9596,03658
9801,03658
10015,03658
10035,03658
10038,03658
10049,03658
10075,03658
10219,03658
10274,03658
10282,03658
10405,03658
10435,03658
10455,03658
10456,03658
10638,03658
10727,03658
